"Worm Data","Bending Angle - Mid-Point (degrees)"
"Sequence","3-Oct-25.avi"

,,"Track"
"Frame","Time","1 "
158327,5277.533333333333,19.621236503597725
158328,5277.566666666667,19.98051873558031
158329,5277.6,19.98051873558031
158330,5277.633333333333,19.30638721022171
158331,5277.666666666667,12.476997123431945
158332,5277.7,12.476997123431945
158333,5277.733333333334,12.905096867924778
158334,5277.766666666666,20.610210127242922
158335,5277.8,17.920168487012933
158336,5277.833333333333,17.920168487012933
158337,5277.866666666667,2.0427747294737824
158338,5277.9,18.173106138871056
158339,5277.933333333333,18.173106138871056
158340,5277.966666666666,18.511143752237352
158341,5278,18.224718567620688
158342,5278.033333333333,22.27764945006819
158343,5278.066666666667,2.06385622400466
158344,5278.1,16.352276424016548
158345,5278.133333333333,7.967421130151069
158346,5278.166666666667,12.57919120424526
158347,5278.2,12.041743763571128
158348,5278.233333333334,13.415699335039283
158349,5278.266666666666,14.35610484643179
158350,5278.3,13.35825518306896
158351,5278.333333333333,13.35825518306896
158352,5278.366666666667,13.35825518306896
158353,5278.4,15.511754038655699
158354,5278.433333333333,15.511754038655699
158355,5278.466666666666,15.511754038655699
158356,5278.5,15.511754038655699
158357,5278.533333333333,15.511754038655699
158358,5278.566666666667,15.511754038655699
158359,5278.6,15.511754038655699
158360,5278.633333333333,15.511754038655699
158361,5278.666666666667,15.511754038655699
158362,5278.7,15.511754038655699
158363,5278.733333333334,15.511754038655699
158364,5278.766666666666,15.511754038655699
158365,5278.8,15.511754038655699
158366,5278.833333333333,15.511754038655699
158367,5278.866666666667,15.511754038655699
158368,5278.9,15.511754038655699
158369,5278.933333333333,15.511754038655699
158370,5278.966666666666,15.511754038655699
158371,5279,15.511754038655699
158372,5279.033333333333,15.511754038655699
158373,5279.066666666667,15.511754038655699
158374,5279.1,15.511754038655699
158375,5279.133333333333,15.511754038655699
158376,5279.166666666667,15.511754038655699
158377,5279.2,11.24581149412773
158378,5279.233333333334,15.511754038655699
158379,5279.266666666666,11.24581149412773
158380,5279.3,11.24581149412773
158381,5279.333333333333,11.24581149412773
158382,5279.366666666667,11.24581149412773
158383,5279.4,11.24581149412773
158384,5279.433333333333,11.24581149412773
158385,5279.466666666666,11.24581149412773
158386,5279.5,11.24581149412773
158387,5279.533333333333,11.24581149412773
158388,5279.566666666667,11.24581149412773
158389,5279.6,11.24581149412773
158390,5279.633333333333,11.729433179816365
158391,5279.666666666667,10.873222737409943
158392,5279.7,10.873222737409943
158393,5279.733333333334,10.873222737409943
158394,5279.766666666666,12.07665142144854
158395,5279.8,12.07665142144854
158396,5279.833333333333,12.07665142144854
158397,5279.866666666667,12.07665142144854
158398,5279.9,12.07665142144854
158399,5279.933333333333,12.07665142144854
158400,5279.966666666666,12.32974525774602
158401,5280,12.423419350477118
158402,5280.033333333333,12.32974525774602
158403,5280.066666666667,12.32974525774602
158404,5280.1,12.32974525774602
158405,5280.133333333333,12.32974525774602
158406,5280.166666666667,12.16312786062961
158407,5280.2,12.443204411532452
158408,5280.233333333334,12.443204411532452
158409,5280.266666666666,15.316404409893357
158410,5280.3,15.085639164753312
158411,5280.333333333333,14.478933424609737
158412,5280.366666666667,12.69507169002397
158413,5280.4,13.842463512555883
158414,5280.433333333333,11.284699801682326
158415,5280.466666666666,12.261752743254995
158416,5280.5,14.151855062601769
158417,5280.533333333333,14.151855062601769
158418,5280.566666666667,14.151855062601769
158419,5280.6,14.151855062601769
158420,5280.633333333333,16.583795646326042
158421,5280.666666666667,14.871854004423854
158422,5280.7,11.260889887628986
158423,5280.733333333334,11.260889887628986
158424,5280.766666666666,16.37932386483109
158425,5280.8,16.37932386483109
158426,5280.833333333333,16.37932386483109
158427,5280.866666666667,16.37932386483109
158428,5280.9,16.37932386483109
158429,5280.933333333333,16.37932386483109
158430,5280.966666666666,16.37932386483109
158431,5281,16.37932386483109
158432,5281.033333333333,16.37932386483109
158433,5281.066666666667,16.37932386483109
158434,5281.1,16.37932386483109
158435,5281.133333333333,16.37932386483109
158436,5281.166666666667,16.37932386483109
158437,5281.2,16.37932386483109
158438,5281.233333333334,16.37932386483109
158439,5281.266666666666,16.37932386483109
158440,5281.3,16.37932386483109
158441,5281.333333333333,16.37932386483109
158442,5281.366666666667,16.37932386483109
158443,5281.4,16.37932386483109
158444,5281.433333333333,16.37932386483109
158445,5281.466666666666,16.37932386483109
158446,5281.5,16.37932386483109
158447,5281.533333333333,16.37932386483109
158448,5281.566666666667,16.37932386483109
158449,5281.6,16.37932386483109
158450,5281.633333333333,16.37932386483109
158451,5281.666666666667,16.37932386483109
158452,5281.7,16.37932386483109
158453,5281.733333333334,16.37932386483109
158454,5281.766666666666,16.37932386483109
158455,5281.8,16.37932386483109
158456,5281.833333333333,16.37932386483109
158457,5281.866666666667,16.37932386483109
158458,5281.9,16.37932386483109
158459,5281.933333333333,16.37932386483109
158460,5281.966666666666,16.37932386483109
158461,5282,16.37932386483109
158462,5282.033333333333,16.37932386483109
158463,5282.066666666667,16.37932386483109
158464,5282.1,16.37932386483109
158465,5282.133333333333,16.37932386483109
158466,5282.166666666667,16.37932386483109
158467,5282.2,16.37932386483109
158468,5282.233333333334,16.37932386483109
158469,5282.266666666666,-0.2426101103440652
158470,5282.3,-0.2426101103440652
158471,5282.333333333333,-0.2426101103440652
158472,5282.366666666667,-0.2426101103440652
158473,5282.4,-0.2426101103440652
158474,5282.433333333333,-0.2426101103440652
158475,5282.466666666666,-0.2426101103440652
158476,5282.5,-0.2426101103440652
158477,5282.533333333333,-0.2426101103440652
158478,5282.566666666667,-0.2426101103440652
158479,5282.6,16.93054826374177
158480,5282.633333333333,16.93054826374177
158481,5282.666666666667,16.93054826374177
158482,5282.7,16.374553558742114
158483,5282.733333333334,16.374553558742114
158484,5282.766666666666,16.374553558742114
158485,5282.8,16.374553558742114
158486,5282.833333333333,16.374553558742114
158487,5282.866666666667,16.374553558742114
158488,5282.9,18.351967767195067
158489,5282.933333333333,18.351967767195067
158490,5282.966666666666,18.591919094547364
158491,5283,18.591919094547364
158492,5283.033333333333,16.93054826374177
158493,5283.066666666667,1.6183035089627005
158494,5283.1,16.93054826374177
158495,5283.133333333333,18.086620014913844
158496,5283.166666666667,16.93054826374177
158497,5283.2,13.109488842907284
158498,5283.233333333334,12.844575878319546
158499,5283.266666666666,11.671813494237643
158500,5283.3,11.034482216970144
158501,5283.333333333333,11.671813494237643
158502,5283.366666666667,11.671813494237643
158503,5283.4,19.058945342110054
158504,5283.433333333333,19.058945342110054
158505,5283.466666666666,19.058945342110054
158506,5283.5,19.058945342110054
158507,5283.533333333333,19.058945342110054
158508,5283.566666666667,19.058945342110054
158509,5283.6,19.058945342110054
158510,5283.633333333333,19.058945342110054
158511,5283.666666666667,19.058945342110054
158512,5283.7,19.058945342110054
158513,5283.733333333334,19.058945342110054
158514,5283.766666666666,19.058945342110054
158515,5283.8,19.058945342110054
158516,5283.833333333333,19.058945342110054
158517,5283.866666666667,19.058945342110054
158518,5283.9,19.058945342110054
158519,5283.933333333333,19.058945342110054
158520,5283.966666666666,19.058945342110054
158521,5284,19.058945342110054
158522,5284.033333333333,19.058945342110054
158523,5284.066666666667,19.058945342110054
158524,5284.1,19.135023892095944
158525,5284.133333333333,16.42871039603225
158526,5284.166666666667,16.42871039603225
158527,5284.2,16.909011840782103
158528,5284.233333333334,16.909011840782103
158529,5284.266666666666,16.909011840782103
158530,5284.3,16.909011840782103
158531,5284.333333333333,16.909011840782103
158532,5284.366666666667,16.909011840782103
158533,5284.4,16.909011840782103
158534,5284.433333333333,16.909011840782103
158535,5284.466666666666,16.909011840782103
158536,5284.5,16.909011840782103
158537,5284.533333333333,16.909011840782103
158538,5284.566666666667,15.36192998647137
158539,5284.6,15.586403121812955
158540,5284.633333333333,14.625474177972091
158541,5284.666666666667,14.061353102700153
158542,5284.7,14.727328122261046
158543,5284.733333333334,14.727328122261046
158544,5284.766666666666,15.20504895242804
158545,5284.8,15.20504895242804
158546,5284.833333333333,14.016587929962737
158547,5284.866666666667,14.016587929962737
158548,5284.9,14.525317430400777
158549,5284.933333333333,16.215069062190313
158550,5284.966666666666,16.67807169723192
158551,5285,16.019415793441052
158552,5285.033333333333,16.019415793441052
158553,5285.066666666667,16.889339167190148
158554,5285.1,16.889339167190148
158555,5285.133333333333,18.288170797592368
158556,5285.166666666667,18.288170797592368
158557,5285.2,18.288170797592368
158558,5285.233333333334,18.288170797592368
158559,5285.266666666666,18.288170797592368
158560,5285.3,18.288170797592368
158561,5285.333333333333,17.108775594898756
158562,5285.366666666667,16.975041466397062
158563,5285.4,17.03425292554378
158564,5285.433333333333,17.03425292554378
158565,5285.466666666666,17.03425292554378
158566,5285.5,17.03425292554378
158567,5285.533333333333,17.03425292554378
158568,5285.566666666667,17.03425292554378
158569,5285.6,17.03425292554378
158570,5285.633333333333,17.03425292554378
158571,5285.666666666667,17.03425292554378
158572,5285.7,17.03425292554378
158573,5285.733333333334,16.867806890970115
158574,5285.766666666666,16.777840151335887
158575,5285.8,16.777840151335887
158576,5285.833333333333,16.777840151335887
158577,5285.866666666667,16.777840151335887
158578,5285.9,16.777840151335887
158579,5285.933333333333,16.777840151335887
158580,5285.966666666666,16.867806890970115
158581,5286,16.867806890970115
158582,5286.033333333333,18.02100439854733
158583,5286.066666666667,15.707323243052098
158584,5286.1,15.707323243052098
158585,5286.133333333333,15.707323243052098
158586,5286.166666666667,15.707323243052098
158587,5286.2,15.707323243052098
158588,5286.233333333334,15.707323243052098
158589,5286.266666666666,15.707323243052098
158590,5286.3,15.707323243052098
158591,5286.333333333333,15.707323243052098
158592,5286.366666666667,16.033547148659167
158593,5286.4,16.033547148659167
158594,5286.433333333333,16.033547148659167
158595,5286.466666666666,16.033547148659167
158596,5286.5,16.033547148659167
158597,5286.533333333333,16.033547148659167
158598,5286.566666666667,16.033547148659167
158599,5286.6,16.742607090202455
158600,5286.633333333333,16.742607090202455
158601,5286.666666666667,18.274221126611486
158602,5286.7,18.436649757167725
158603,5286.733333333334,17.006413009680386
158604,5286.766666666666,15.474765074782118
158605,5286.8,12.860948293988818
158606,5286.833333333333,13.604711605871644
158607,5286.866666666667,12.860948293988818
158608,5286.9,13.356472364855323
158609,5286.933333333333,13.356472364855323
158610,5286.966666666666,14.431961208230172
158611,5287,14.126099988179652
158612,5287.033333333333,14.87892361568611
158613,5287.066666666667,15.141294050940747
158614,5287.1,12.982187561078659
158615,5287.133333333333,14.967760531412608
158616,5287.166666666667,14.931920040946396
158617,5287.2,14.931920040946396
158618,5287.233333333334,14.931920040946396
158619,5287.266666666666,14.931920040946396
158620,5287.3,14.931920040946396
158621,5287.333333333333,14.931920040946396
158622,5287.366666666667,14.931920040946396
158623,5287.4,14.931920040946396
158624,5287.433333333333,14.872179536572434
158625,5287.466666666666,14.872179536572434
158626,5287.5,13.746513049342694
158627,5287.533333333333,13.746513049342694
158628,5287.566666666667,13.746513049342694
158629,5287.6,13.605082905108397
158630,5287.633333333333,13.605082905108397
158631,5287.666666666667,13.861240716293823
158632,5287.7,13.580589588244838
158633,5287.733333333334,14.832096353287662
158634,5287.766666666666,10.59779143448041
158635,5287.8,11.396195872115442
158636,5287.833333333333,10.59779143448041
158637,5287.866666666667,10.59779143448041
158638,5287.9,10.59779143448041
158639,5287.933333333333,14.832096353287662
158640,5287.966666666666,14.832096353287662
158641,5288,14.832096353287662
158642,5288.033333333333,14.832096353287662
158643,5288.066666666667,14.832096353287662
158644,5288.1,14.832096353287662
158645,5288.133333333333,14.556124802074166
158646,5288.166666666667,14.556124802074166
158647,5288.2,14.556124802074166
158648,5288.233333333334,14.556124802074166
158649,5288.266666666666,14.556124802074166
158650,5288.3,14.556124802074166
158651,5288.333333333333,14.556124802074166
158652,5288.366666666667,11.721950589107239
158653,5288.4,11.721950589107239
158654,5288.433333333333,11.134895827250979
158655,5288.466666666666,11.134895827250979
158656,5288.5,11.134895827250979
158657,5288.533333333333,11.134895827250979
158658,5288.566666666667,11.134895827250979
158659,5288.6,11.134895827250979
158660,5288.633333333333,11.134895827250979
158661,5288.666666666667,11.134895827250979
158662,5288.7,11.134895827250979
158663,5288.733333333334,11.134895827250979
158664,5288.766666666666,14.398649601018532
158665,5288.8,13.704058560613179
158666,5288.833333333333,13.704058560613179
158667,5288.866666666667,13.704058560613179
158668,5288.9,13.704058560613179
158669,5288.933333333333,13.704058560613179
158670,5288.966666666666,13.704058560613179
158671,5289,13.704058560613179
158672,5289.033333333333,13.704058560613179
158673,5289.066666666667,14.398649601018532
158674,5289.1,13.491220652119676
158675,5289.133333333333,1.2668679524463309
158676,5289.166666666667,13.26241726892715
158677,5289.2,13.344155726604347
158678,5289.233333333334,12.695801572128403
158679,5289.266666666666,12.097328725741198
158680,5289.3,12.695801572128403
158681,5289.333333333333,12.278736472940123
158682,5289.366666666667,12.222906702784355
158683,5289.4,12.247162712195307
158684,5289.433333333333,12.403293120564483
158685,5289.466666666666,11.79831762234149
158686,5289.5,11.79831762234149
158687,5289.533333333333,11.79831762234149
158688,5289.566666666667,11.79831762234149
158689,5289.6,11.79831762234149
158690,5289.633333333333,11.79831762234149
158691,5289.666666666667,11.79831762234149
158692,5289.7,11.79831762234149
158693,5289.733333333334,11.79831762234149
158694,5289.766666666666,11.79831762234149
158695,5289.8,11.79831762234149
158696,5289.833333333333,11.79831762234149
158697,5289.866666666667,11.79831762234149
158698,5289.9,11.79831762234149
158699,5289.933333333333,11.79831762234149
158700,5289.966666666666,11.79831762234149
158701,5290,11.79831762234149
158702,5290.033333333333,11.79831762234149
158703,5290.066666666667,11.79831762234149
158704,5290.1,11.79831762234149
158705,5290.133333333333,11.79831762234149
158706,5290.166666666667,11.79831762234149
158707,5290.2,11.79831762234149
158708,5290.233333333334,11.79831762234149
158709,5290.266666666666,11.79831762234149
158710,5290.3,11.79831762234149
158711,5290.333333333333,11.79831762234149
158712,5290.366666666667,11.79831762234149
158713,5290.4,11.79831762234149
158714,5290.433333333333,11.79831762234149
158715,5290.466666666666,11.79831762234149
158716,5290.5,11.79831762234149
158717,5290.533333333333,11.79831762234149
158718,5290.566666666667,11.79831762234149
158719,5290.6,11.79831762234149
158720,5290.633333333333,11.79831762234149
158721,5290.666666666667,12.315131224668244
158722,5290.7,12.315131224668244
158723,5290.733333333334,12.044382532268218
158724,5290.766666666666,11.090368688947398
158725,5290.8,11.090368688947398
158726,5290.833333333333,11.46532072478485
158727,5290.866666666667,11.176123539079036
158728,5290.9,11.176123539079036
158729,5290.933333333333,11.176123539079036
158730,5290.966666666666,11.176123539079036
158731,5291,11.176123539079036
158732,5291.033333333333,11.176123539079036
158733,5291.066666666667,11.176123539079036
158734,5291.1,11.176123539079036
158735,5291.133333333333,11.176123539079036
158736,5291.166666666667,11.176123539079036
158737,5291.2,10.988948515115043
158738,5291.233333333334,10.988948515115043
158739,5291.266666666666,10.988948515115043
158740,5291.3,11.176123539079036
158741,5291.333333333333,10.99674574287825
158742,5291.366666666667,10.99674574287825
158743,5291.4,10.99674574287825
158744,5291.433333333333,10.99674574287825
158745,5291.466666666666,10.99674574287825
158746,5291.5,10.99674574287825
158747,5291.533333333333,10.99674574287825
158748,5291.566666666667,10.99674574287825
158749,5291.6,10.99674574287825
158750,5291.633333333333,11.054526207791712
158751,5291.666666666667,8.520029133818397
158752,5291.7,10.99674574287825
158753,5291.733333333334,11.174715879405987
158754,5291.766666666666,11.174715879405987
158755,5291.8,11.174715879405987
158756,5291.833333333333,11.174715879405987
158757,5291.866666666667,11.174715879405987
158758,5291.9,11.174715879405987
158759,5291.933333333333,11.174715879405987
158760,5291.966666666666,11.174715879405987
158761,5292,11.174715879405987
158762,5292.033333333333,11.770348997307378
158763,5292.066666666667,11.770348997307378
158764,5292.1,11.879902374295803
158765,5292.133333333333,11.879902374295803
158766,5292.166666666667,12.04493476585283
158767,5292.2,12.18277950678814
158768,5292.233333333334,12.18277950678814
158769,5292.266666666666,11.772228101828752
158770,5292.3,12.248984041057021
158771,5292.333333333333,10.435434775860752
158772,5292.366666666667,9.97035267408193
158773,5292.4,4.547066363182835
158774,5292.433333333333,7.262334920670672
158775,5292.466666666666,10.038461248111304
158776,5292.5,14.129572372622802
158777,5292.533333333333,8.341829618353044
158778,5292.566666666667,-2.493391436914685
158779,5292.6,8.941995270996184
158780,5292.633333333333,1.9014565781286086
158781,5292.666666666667,5.200730459602408
158782,5292.7,11.075224071749908
158783,5292.733333333334,12.430417781272117
158784,5292.766666666666,12.738610223182329
158785,5292.8,5.056126047400094
158786,5292.833333333333,12.649648272235433
158787,5292.866666666667,5.788261275787311
158788,5292.9,5.954254798168104
158789,5292.933333333333,10.083476603186124
158790,5292.966666666666,7.406238420532936
158791,5293,5.954254798168104
158792,5293.033333333333,7.301191481403127
158793,5293.066666666667,10.140580246419361
158794,5293.1,10.81545585051619
158795,5293.133333333333,12.619220561880995
158796,5293.166666666667,9.945948511210743
158797,5293.2,11.737066194645337
158798,5293.233333333334,13.798788032504149
158799,5293.266666666666,14.828206672204098
158800,5293.3,14.828206672204098
158801,5293.333333333333,11.954089599800263
158802,5293.366666666667,14.381012303622262
158803,5293.4,14.381012303622262
158804,5293.433333333333,14.820430321921188
158805,5293.466666666666,8.025903594113723
158806,5293.5,14.784640887377066
158807,5293.533333333333,12.284341195720321
158808,5293.566666666667,12.528448199745986
158809,5293.6,12.699731842765766
158810,5293.633333333333,12.754467663469034
158811,5293.666666666667,11.284961071359346
158812,5293.7,9.558254836302753
158813,5293.733333333334,9.70113212556214
158814,5293.766666666666,9.735943839680806
158815,5293.8,10.761716616164016
158816,5293.833333333333,10.012248096421967
158817,5293.866666666667,8.94336698417873
158818,5293.9,8.817650043189687
158819,5293.933333333333,9.283537514021587
158820,5293.966666666666,9.917299438741288
158821,5294,12.596517419496527
158822,5294.033333333333,9.045554868826406
158823,5294.066666666667,13.33731750020065
158824,5294.1,9.432146617679123
158825,5294.133333333333,13.443016312051613
158826,5294.166666666667,9.831967172099581
158827,5294.2,10.717470473418025
158828,5294.233333333334,9.196532493305464
158829,5294.266666666666,8.76638066457552
158830,5294.3,7.776681488007448
158831,5294.333333333333,12.056241715741132
158832,5294.366666666667,5.433526836976307
158833,5294.4,5.739498110285261
158834,5294.433333333333,8.683286820256402
158835,5294.466666666666,11.097758997353795
158836,5294.5,11.355835894325583
158837,5294.533333333333,11.267861455122693
158838,5294.566666666667,14.775150496110024
158839,5294.6,13.443547766517344
158840,5294.633333333333,10.564695106835861
158841,5294.666666666667,8.449011334452805
158842,5294.7,10.005290844119454
158843,5294.733333333334,9.449221831883598
158844,5294.766666666666,9.454533982627323
158845,5294.8,11.440747538741888
158846,5294.833333333333,7.288920585571303
158847,5294.866666666667,5.003056915312821
158848,5294.9,8.705513626144604
158849,5294.933333333333,-15.158233366674242
158850,5294.966666666666,-12.241139091603106
158851,5295,-8.84240848409243
158852,5295.033333333333,-8.735943753871776
158853,5295.066666666667,-4.974487960216584
158854,5295.1,-5.851534943278002
158855,5295.133333333333,-6.422338959217962
158856,5295.166666666667,-6.861218025877417
158857,5295.2,-6.694034280437354
158858,5295.233333333334,-6.595962657438709
158859,5295.266666666666,-6.710220152498584
158860,5295.3,-5.000424246016343
158861,5295.333333333333,-3.4309090634830572
158862,5295.366666666667,-3.476075546639139
158863,5295.4,-4.105096482001638
158864,5295.433333333333,-1.7159159917905868
158865,5295.466666666666,-12.877358076384871
158866,5295.5,-12.877358076384871
158867,5295.533333333333,-9.79323727904418
158868,5295.566666666667,-8.99667688364621
158869,5295.6,-9.518141849165511
158870,5295.633333333333,-9.299117020471947
158871,5295.666666666667,-9.532959264490364
158872,5295.7,-10.977334475189199
158873,5295.733333333334,-11.209676970289461
158874,5295.766666666666,-11.12057842612109
158875,5295.8,-11.189058430692594
158876,5295.833333333333,-11.092375549479911
158877,5295.866666666667,-11.6822459528041
158878,5295.9,-11.607520810010552
158879,5295.933333333333,-11.78210844206603
158880,5295.966666666666,-11.932299852899343
158881,5296,-14.053927502796764
158882,5296.033333333333,-14.187052190847918
158883,5296.066666666667,-14.468581682548413
158884,5296.1,-17.058667062310604
158885,5296.133333333333,-17.261186385242137
158886,5296.166666666667,-17.109739738385063
158887,5296.2,-15.511284782114746
158888,5296.233333333334,-17.979670856485544
158889,5296.266666666666,-4.853254273742724
158890,5296.3,-2.7241908839065605
158891,5296.333333333333,-7.057761140623971
158892,5296.366666666667,-6.824578321693479
158893,5296.4,-6.41312396209359
158894,5296.433333333333,-7.011614335348054
158895,5296.466666666666,-3.9306806779491064
158896,5296.5,-2.364856523568047
158897,5296.533333333333,-0.5262192721274931
158898,5296.566666666667,2.707772004431607
158899,5296.6,3.0116426258710938
158900,5296.633333333333,3.0916747502822886
158901,5296.666666666667,3.0630790537814585
158902,5296.7,6.122043388793294
158903,5296.733333333334,11.610450866598498
158904,5296.766666666666,8.017460219419094
158905,5296.8,-10.22091335228905
158906,5296.833333333333,-10.49189274866703
158907,5296.866666666667,-11.309877409277293
158908,5296.9,-13.469261238114314
158909,5296.933333333333,-10.551099149975537
158910,5296.966666666666,-10.506712347001798
158911,5297,-9.448011310741135
158912,5297.033333333333,-9.31286392285045
158913,5297.066666666667,-4.732536191390259
158914,5297.1,-0.36345021105006975
158915,5297.133333333333,-1.0384807602173196
158916,5297.166666666667,-8.955537668912202
158917,5297.2,5.057776785177678
158918,5297.233333333334,3.49961993858516
158919,5297.266666666666,5.221436138525773
158920,5297.3,6.188070550556892
158921,5297.333333333333,12.39548353169169
158922,5297.366666666667,11.715661233888307
158923,5297.4,9.610612193811193
158924,5297.433333333333,9.779662928760654
158925,5297.466666666666,9.652284515289017
158926,5297.5,12.383531659381081
158927,5297.533333333333,11.89764188688244
158928,5297.566666666667,19.537046218757773
158929,5297.6,21.27791862967495
158930,5297.633333333333,23.287776993982742
158931,5297.666666666667,16.718984154195265
158932,5297.7,27.972913106707708
158933,5297.733333333334,39.14385735101876
158934,5297.766666666666,38.36974041127539
158935,5297.8,37.7512595046548
158936,5297.833333333333,42.24554183573222
158937,5297.866666666667,44.15724989465407
158938,5297.9,37.82988047777613
158939,5297.933333333333,33.6222398784724
158940,5297.966666666666,32.053750406159445
158941,5298,26.27972897187879
158942,5298.033333333333,34.438621357522855
158943,5298.066666666667,45.45740247152475
158944,5298.1,39.75565888992614
158945,5298.133333333333,33.775108300577735
158946,5298.166666666667,42.938877205836455
158947,5298.2,41.52308649844431
158948,5298.233333333334,37.72292320633541
158949,5298.266666666666,35.48947813819152
158950,5298.3,36.70343875651682
158951,5298.333333333333,46.60924976139134
158952,5298.366666666667,51.91760334866369
158953,5298.4,48.44425964279031
158954,5298.433333333333,60.974000499899724
158955,5298.466666666666,63.174188709954166
158956,5298.5,68.15890727535428
158957,5298.533333333333,75.21296013074124
158958,5298.566666666667,69.48871385154617
158959,5298.6,72.69387266350788
158960,5298.633333333333,80.37501949911696
158961,5298.666666666667,83.1358908370201
158962,5298.7,85.70353042642732
158963,5298.733333333334,91.08465465331619
158964,5298.766666666666,92.80496491687934
158965,5298.8,88.02782027188677
158966,5298.833333333333,82.80644505894703
158967,5298.866666666667,92.59544013249135
158968,5298.9,95.9269542373347
158969,5298.933333333333,95.91807565391629
158970,5298.966666666666,95.73265076670735
158971,5299,93.22508081371998
158972,5299.033333333333,95.81786960399477
158973,5299.066666666667,96.01742622914675
158974,5299.1,91.4229189399365
158975,5299.133333333333,93.1533081539462
158976,5299.166666666667,93.22686090693233
158977,5299.2,97.18817216178387
158978,5299.233333333334,100.6991155248728
158979,5299.266666666666,98.27632340364572
158980,5299.3,98.8469013039958
158981,5299.333333333333,80.13867892475263
158982,5299.366666666667,73.67832497690404
158983,5299.4,80.93583641968783
158984,5299.433333333333,83.61969142031823
158985,5299.466666666666,80.25795740531089
158986,5299.5,85.22263014986397
158987,5299.533333333333,87.3712592970654
158988,5299.566666666667,92.04247328063781
158989,5299.6,99.50181665123951
158990,5299.633333333333,99.7931558444348
158991,5299.666666666667,92.7019674235519
158992,5299.7,90.92496441554243
158993,5299.733333333334,95.9170906139199
158994,5299.766666666666,94.99104151058742
158995,5299.8,97.87265177046488
158996,5299.833333333333,92.32756488734157
158997,5299.866666666667,93.82360904966544
158998,5299.9,95.69123695248264
158999,5299.933333333333,90.76170416990549
159000,5299.966666666666,91.71887515071174
159001,5300,91.56347277394916
159002,5300.033333333333,95.0588173079212
159003,5300.066666666667,95.401789549587
159004,5300.1,95.48780953009431
159005,5300.133333333333,96.5333592023446
159006,5300.166666666667,95.83207137805324
159007,5300.2,98.54438170525458
159008,5300.233333333334,92.12455657829537
159009,5300.266666666666,92.36583214240804
159010,5300.3,92.56286547342418
159011,5300.333333333333,89.31502324322629
159012,5300.366666666667,88.85452738366051
159013,5300.4,95.51788375532078
159014,5300.433333333333,95.51788375532078
159015,5300.466666666666,95.96528958417677
159016,5300.5,95.96528958417677
159017,5300.533333333333,94.78518202740275
159018,5300.566666666667,95.02788661896612
159019,5300.6,92.48015163004926
159020,5300.633333333333,97.72656532188117
159021,5300.666666666667,96.74637373164315
159022,5300.7,96.74637373164315
159023,5300.733333333334,97.8980047114332
159024,5300.766666666666,95.84723932250994
159025,5300.8,102.54091844553264
159026,5300.833333333333,98.30361420725617
159027,5300.866666666667,100.082436631867
159028,5300.9,98.61914785612674
159029,5300.933333333333,98.87382021601073
159030,5300.966666666666,100.62960098044636
159031,5301,95.69866030209859
159032,5301.033333333333,98.28150131740951
159033,5301.066666666667,97.03234620766499
159034,5301.1,99.1607010005839
159035,5301.133333333333,93.75624865756379
159036,5301.166666666667,92.68736435091915
159037,5301.2,91.88872444243033
159038,5301.233333333334,92.73277789947002
159039,5301.266666666666,88.92099531869043
159040,5301.3,88.7958846027296
159041,5301.333333333333,81.36367943925336
159042,5301.366666666667,81.20648279097843
159043,5301.4,81.38859179211332
159044,5301.433333333333,81.72633235085576
159045,5301.466666666666,79.19719839773079
159046,5301.5,78.6246401240495
159047,5301.533333333333,76.64690643549694
159048,5301.566666666667,75.17160524761475
159049,5301.6,72.53799462809383
159050,5301.633333333333,72.53799462809383
159051,5301.666666666667,71.40435695469424
159052,5301.7,71.40435695469424
159053,5301.733333333334,70.41296573468459
159054,5301.766666666666,70.41296573468459
159055,5301.8,71.75765490051307
159056,5301.833333333333,74.49265983524036
159057,5301.866666666667,75.20090873775754
159058,5301.9,71.12989445856083
159059,5301.933333333333,73.76455518451725
159060,5301.966666666666,70.47847305064658
159061,5302,70.03807780956672
159062,5302.033333333333,70.64779633241231
159063,5302.066666666667,66.5365796725475
159064,5302.1,69.59824687859404
159065,5302.133333333333,61.271709625395715
159066,5302.166666666667,77.50236145569737
159067,5302.2,53.23511868378527
159068,5302.233333333334,54.04267776802606
159069,5302.266666666666,50.73017928420872
159070,5302.3,51.088079290462176
159071,5302.333333333333,47.2589222674184
159072,5302.366666666667,63.5433138082309
159073,5302.4,53.40033195737911
159074,5302.433333333333,58.06346809921475
159075,5302.466666666666,57.845797339311694
159076,5302.5,56.915768518372765
159077,5302.533333333333,54.25190651124977
159078,5302.566666666667,51.77847295518495
159079,5302.6,55.05134930888405
159080,5302.633333333333,55.65163699779597
159081,5302.666666666667,57.61626335476302
159082,5302.7,60.98951990319303
159083,5302.733333333334,60.75571937857774
159084,5302.766666666666,56.96391751511419
159085,5302.8,54.78495047256801
159086,5302.833333333333,63.47731620920312
159087,5302.866666666667,63.5207805660108
159088,5302.9,62.87929785959415
159089,5302.933333333333,61.98527034322374
159090,5302.966666666666,62.489133223250434
159091,5303,63.37058896567318
159092,5303.033333333333,65.26797011136048
159093,5303.066666666667,68.17700781208089
159094,5303.1,70.64235008817273
159095,5303.133333333333,72.95608549508053
159096,5303.166666666667,74.51669764474286
159097,5303.2,73.55893863864091
159098,5303.233333333334,77.4510576733799
159099,5303.266666666666,80.19267646508177
159100,5303.3,80.68458116515082
159101,5303.333333333333,78.30131520725425
159102,5303.366666666667,80.52073182458052
159103,5303.4,80.7096197759445
159104,5303.433333333333,83.194939941474
159105,5303.466666666666,83.60383499893713
159106,5303.5,83.49319606404359
159107,5303.533333333333,81.42224524998576
159108,5303.566666666667,86.52393284504454
159109,5303.6,84.53004567763831
159110,5303.633333333333,84.53004567763831
159111,5303.666666666667,89.65661639464949
159112,5303.7,89.439987089197
159113,5303.733333333334,87.4232100279861
159114,5303.766666666666,88.45869420697106
159115,5303.8,88.69092925057178
159116,5303.833333333333,97.76313579650402
159117,5303.866666666667,97.44286123695548
159118,5303.9,95.82659493304287
159119,5303.933333333333,98.48376709214625
159120,5303.966666666666,104.4602473963429
159121,5304,106.62608350634446
159122,5304.033333333333,110.16437769379736
159123,5304.066666666667,111.00216174123868
159124,5304.1,112.10130813350936
159125,5304.133333333333,110.36666630927519
159126,5304.166666666667,116.6798644185016
159127,5304.2,118.6289916873413
159128,5304.233333333334,117.6473850982787
159129,5304.266666666666,115.10056677082771
159130,5304.3,116.54978660769531
159131,5304.333333333333,120.99669433037758
159132,5304.366666666667,116.8396860439972
159133,5304.4,118.2113471955572
159134,5304.433333333333,121.24847830522785
159135,5304.466666666666,117.56687297605723
159136,5304.5,121.24847830522785
159137,5304.533333333333,122.83846442223532
159138,5304.566666666667,128.9146581145895
159139,5304.6,124.15401656403314
159140,5304.633333333333,119.02501162458022
159141,5304.666666666667,121.7834664458561
159142,5304.7,123.75424015195345
159143,5304.733333333334,122.00189885293796
159144,5304.766666666666,121.01835860618893
159145,5304.8,121.25680349056096
159146,5304.833333333333,118.72559769439442
159147,5304.866666666667,120.14408756608617
159148,5304.9,121.59290847164215
159149,5304.933333333333,120.94990216192
159150,5304.966666666666,121.46920209711246
159151,5305,119.8546034066371
159152,5305.033333333333,122.25367909700317
159153,5305.066666666667,107.38113214896042
159154,5305.1,105.4213096757776
159155,5305.133333333333,97.28597571780982
159156,5305.166666666667,97.29473500273647
159157,5305.2,92.5933546625435
159158,5305.233333333334,86.25962709841595
159159,5305.266666666666,86.27395800667496
159160,5305.3,86.79028664583603
159161,5305.333333333333,86.26429808183903
159162,5305.366666666667,82.73865257247917
159163,5305.4,85.17128783340057
159164,5305.433333333333,83.92340698914496
159165,5305.466666666666,75.18266697342182
159166,5305.5,70.53722337837364
159167,5305.533333333333,69.79341819951017
159168,5305.566666666667,72.95618625786882
159169,5305.6,69.50938871667577
159170,5305.633333333333,57.91237805432768
159171,5305.666666666667,60.12634717837785
159172,5305.7,56.88331792954292
159173,5305.733333333334,58.885580651948636
159174,5305.766666666666,55.527411309128105
159175,5305.8,57.329586394371105
159176,5305.833333333333,56.67904473431469
159177,5305.866666666667,59.79877702266176
159178,5305.9,55.38846461058864
159179,5305.933333333333,48.13970258406295
159180,5305.966666666666,43.932455239011624
159181,5306,40.70294837057965
159182,5306.033333333333,34.532176464860875
159183,5306.066666666667,39.0423450211363
159184,5306.1,36.725512767479344
159185,5306.133333333333,24.195527021668887
159186,5306.166666666667,22.16988816518556
159187,5306.2,23.23268460986613
159188,5306.233333333334,13.583039329135454
159189,5306.266666666666,5.154556410319144
159190,5306.3,-0.42744531216761067
159191,5306.333333333333,-5.488842354450532
159192,5306.366666666667,-12.530404450529415
159193,5306.4,-15.043088275105712
159194,5306.433333333333,-21.153631364587614
159195,5306.466666666666,-20.52272131410467
159196,5306.5,-25.26236061866367
159197,5306.533333333333,-30.409211607320447
159198,5306.566666666667,-27.668826377204315
159199,5306.6,-32.440350725573836
159200,5306.633333333333,-32.19007520743163
159201,5306.666666666667,-32.230046949208635
159202,5306.7,-31.84720845474747
159203,5306.733333333334,-31.803440626751062
159204,5306.766666666666,-34.652370890109495
159205,5306.8,-31.02171198637616
159206,5306.833333333333,-31.906469386016244
159207,5306.866666666667,-29.516459240026748
159208,5306.9,-28.334129782109258
159209,5306.933333333333,-30.707652263418353
159210,5306.966666666666,-30.438410503566043
159211,5307,-23.95776815060042
159212,5307.033333333333,-24.38764392223505
159213,5307.066666666667,-15.110797062482403
159214,5307.1,-14.30671885123017
159215,5307.133333333333,-12.874276440718095
159216,5307.166666666667,-16.409626809551614
159217,5307.2,-12.573535529694801
159218,5307.233333333334,-12.343705623805626
159219,5307.266666666666,-14.40628011268253
159220,5307.3,-8.770584228526694
159221,5307.333333333333,-9.045263126981727
159222,5307.366666666667,-9.67016952210585
159223,5307.4,-7.80897118635092
159224,5307.433333333333,-15.068618280869263
159225,5307.466666666666,-13.924747146330335
159226,5307.5,-5.17246682241465
159227,5307.533333333333,-4.417347617025919
159228,5307.566666666667,-4.5866579405146615
159229,5307.6,7.69843237265214
159230,5307.633333333333,6.901737662885108
159231,5307.666666666667,2.9455792941446597
159232,5307.7,5.710909936442395
159233,5307.733333333334,8.430887380833747
159234,5307.766666666666,27.27592526711297
159235,5307.8,31.187924034741393
159236,5307.833333333333,32.59692289385842
159237,5307.866666666667,36.92715772010591
159238,5307.9,39.752753821480695
159239,5307.933333333333,48.50768749611581
159240,5307.966666666666,54.07182416707629
159241,5308,57.47713703317585
159242,5308.033333333333,61.830590582042625
159243,5308.066666666667,55.79574410769409
159244,5308.1,60.372381923251105
159245,5308.133333333333,74.62728467554672
159246,5308.166666666667,75.88294709854243
159247,5308.2,77.2712905615051
159248,5308.233333333334,75.74931053736498
159249,5308.266666666666,80.70762030436462
159250,5308.3,79.05409653713218
159251,5308.333333333333,91.11587882643434
159252,5308.366666666667,91.0682845132819
159253,5308.4,115.81639520522766
159254,5308.433333333333,115.42871401389064
159255,5308.466666666666,148.495336990143
159256,5308.5,140.70517532258825
159257,5308.533333333333,139.7214389527354
159258,5308.566666666667,132.4789594737611
159259,5308.6,141.4714139406383
159260,5308.633333333333,117.29702013414371
159261,5308.666666666667,138.06437849053634
159262,5308.7,138.2685023950233
159263,5308.733333333334,121.72187859467189
159264,5308.766666666666,133.7459960196637
159265,5308.8,139.4789349672208
159266,5308.833333333333,114.46823782850615
159267,5308.866666666667,118.71916059526218
159268,5308.9,107.30984959985801
159269,5308.933333333333,106.43677377156996
159270,5308.966666666666,97.17586067260882
159271,5309,95.93979010939236
159272,5309.033333333333,87.94359994904143
159273,5309.066666666667,83.2163873426177
159274,5309.1,76.01689508132426
159275,5309.133333333333,76.19850340740179
159276,5309.166666666667,77.71715807786566
159277,5309.2,72.6726581593724
159278,5309.233333333334,72.73038213813358
159279,5309.266666666666,68.34481848345452
159280,5309.3,61.047851520282315
159281,5309.333333333333,60.51452623611221
159282,5309.366666666667,56.7445144467184
159283,5309.4,50.687091765821876
159284,5309.433333333333,41.20727883228937
159285,5309.466666666666,40.66077622689055
159286,5309.5,36.95575184575602
159287,5309.533333333333,27.33670747149933
159288,5309.566666666667,25.962716633670397
159289,5309.6,19.165098233903198
159290,5309.633333333333,13.339056588075463
159291,5309.666666666667,10.184897355679114
159292,5309.7,10.280925584958851
159293,5309.733333333334,8.066430406652398
159294,5309.766666666666,2.6964276146055526
159295,5309.8,-2.260644756748711
159296,5309.833333333333,-7.580455535178647
159297,5309.866666666667,-5.404277433688405
159298,5309.9,-13.198452011660974
159299,5309.933333333333,-17.23685177391756
159300,5309.966666666666,-21.016823764311194
159301,5310,-22.524633924867448
159302,5310.033333333333,-23.202732087323618
159303,5310.066666666667,-27.074107915380814
159304,5310.1,-25.257453298656124
159305,5310.133333333333,-28.106028145914557
159306,5310.166666666667,-28.11678793322632
159307,5310.2,-26.3112938982172
159308,5310.233333333334,-27.424517858955404
159309,5310.266666666666,-25.362883579253477
159310,5310.3,-23.141122789125358
159311,5310.333333333333,-21.75951563925566
159312,5310.366666666667,-20.029938976975107
159313,5310.4,-20.029938976975107
159314,5310.433333333333,-19.691072483965687
159315,5310.466666666666,-16.684786953405236
159316,5310.5,-15.21097537666515
159317,5310.533333333333,-8.43025514538705
159318,5310.566666666667,-2.8024840919969787
159319,5310.6,-2.8791790038930305
159320,5310.633333333333,5.956956352489874
159321,5310.666666666667,5.4499381154680915
159322,5310.7,9.661201776947873
159323,5310.733333333334,10.79043986047388
159324,5310.766666666666,17.956838984266206
159325,5310.8,13.518699494348184
159326,5310.833333333333,18.47777131702438
159327,5310.866666666667,12.35992790898691
159328,5310.9,23.81923603528105
159329,5310.933333333333,28.804021100708518
159330,5310.966666666666,28.91526646524846
159331,5311,33.8288856697605
159332,5311.033333333333,33.0921316991831
159333,5311.066666666667,32.94338137613214
159334,5311.1,33.70273297624465
159335,5311.133333333333,45.517827175357574
159336,5311.166666666667,44.15662225138235
159337,5311.2,49.83516229379613
159338,5311.233333333334,54.380609038622296
159339,5311.266666666666,55.37060333318384
159340,5311.3,54.71570605680368
159341,5311.333333333333,54.55788356283795
159342,5311.366666666667,56.29965968830943
159343,5311.4,64.20946733364165
159344,5311.433333333333,62.81708166680721
159345,5311.466666666666,65.74572283729334
159346,5311.5,61.953382629466695
159347,5311.533333333333,61.953382629466695
159348,5311.566666666667,61.953382629466695
159349,5311.6,59.550692959773706
159350,5311.633333333333,62.66482235502045
159351,5311.666666666667,64.28752780568175
159352,5311.7,61.92919491349505
159353,5311.733333333334,60.94307322870922
159354,5311.766666666666,69.68386664106718
159355,5311.8,73.37791793175822
159356,5311.833333333333,72.49882932212405
159357,5311.866666666667,77.23229570977733
159358,5311.9,74.60996342936028
159359,5311.933333333333,78.18771242564227
159360,5311.966666666666,82.5815278501152
159361,5312,82.56118427189125
159362,5312.033333333333,85.56578126270593
159363,5312.066666666667,88.18521564167611
159364,5312.1,93.84570276679015
159365,5312.133333333333,96.77117538487066
159366,5312.166666666667,96.77117538487066
159367,5312.2,93.70675675821751
159368,5312.233333333334,92.17806509358836
159369,5312.266666666666,89.2115864835671
159370,5312.3,91.75745677702784
159371,5312.333333333333,90.51475082466949
159372,5312.366666666667,90.08526024137127
159373,5312.4,90.53862450823229
159374,5312.433333333333,90.41390369204373
159375,5312.466666666666,89.42396679907642
159376,5312.5,90.7514786117015
159377,5312.533333333333,92.5712698691701
159378,5312.566666666667,92.49967774187074
159379,5312.6,77.38796522440869
159380,5312.633333333333,76.81340239761009
159381,5312.666666666667,76.81340239761009
159382,5312.7,77.6690987574344
159383,5312.733333333334,80.95546630251522
159384,5312.766666666666,94.62196907133765
159385,5312.8,94.0806210265866
159386,5312.833333333333,94.0806210265866
159387,5312.866666666667,94.13900835557133
159388,5312.9,90.11171400252258
159389,5312.933333333333,85.10404921351397
159390,5312.966666666666,79.49719579370904
159391,5313,85.5463431196231
159392,5313.033333333333,85.03104158038299
159393,5313.066666666667,73.35064918100758
159394,5313.1,79.43208258326896
159395,5313.133333333333,70.62411038549446
159396,5313.166666666667,70.84762573831382
159397,5313.2,63.9004528119544
159398,5313.233333333334,65.35598172578341
159399,5313.266666666666,68.62469058994661
159400,5313.3,68.62336953248176
159401,5313.333333333333,75.91062929418705
159402,5313.366666666667,76.2936919009134
159403,5313.4,76.91835722779783
159404,5313.433333333333,83.03900414640795
159405,5313.466666666666,79.25546591983979
159406,5313.5,79.09858162771486
159407,5313.533333333333,84.9143098301722
159408,5313.566666666667,84.76492214844052
159409,5313.6,78.56448098888123
159410,5313.633333333333,88.78154217659136
159411,5313.666666666667,96.08798598269611
159412,5313.7,101.88227730945708
159413,5313.733333333334,107.70306228178431
159414,5313.766666666666,103.14340275813586
159415,5313.8,103.19843412353838
159416,5313.833333333333,104.31613871027177
159417,5313.866666666667,104.43247886033515
159418,5313.9,108.58417355778282
159419,5313.933333333333,128.3887009521889
159420,5313.966666666666,134.2939623349794
159421,5314,131.65698488889532
159422,5314.033333333333,130.7955924187451
159423,5314.066666666667,128.67622662637052
159424,5314.1,124.38672942352613
159425,5314.133333333333,120.03938781338404
159426,5314.166666666667,121.00643593733527
159427,5314.2,118.01052163066194
159428,5314.233333333334,121.77554126485299
159429,5314.266666666666,115.70234098778357
159430,5314.3,118.44698488398758
159431,5314.333333333333,111.55051251228701
159432,5314.366666666667,114.85822089427211
159433,5314.4,120.10356405108034
159434,5314.433333333333,118.94152864899344
159435,5314.466666666666,122.65065899059626
159436,5314.5,119.39225449312711
159437,5314.533333333333,119.01470745080668
159438,5314.566666666667,118.59904854279677
159439,5314.6,118.19486617967482
159440,5314.633333333333,111.16270962153439
159441,5314.666666666667,130.3001833184006
159442,5314.7,120.37375131579837
159443,5314.733333333334,113.59424821386324
159444,5314.766666666666,112.16098264836548
159445,5314.8,105.88259455923412
159446,5314.833333333333,106.89911567116509
159447,5314.866666666667,119.25524442371385
159448,5314.9,110.46100388372071
159449,5314.933333333333,102.38083798137767
159450,5314.966666666666,114.12064947629803
159451,5315,115.86423690779925
159452,5315.033333333333,115.21031284806749
159453,5315.066666666667,117.38498134202872
159454,5315.1,116.87816605673524
159455,5315.133333333333,115.22315905942475
159456,5315.166666666667,115.1573758029909
159457,5315.2,114.73499688263465
159458,5315.233333333334,109.69829269877955
159459,5315.266666666666,112.17717247314785
159460,5315.3,108.05535867433761
159461,5315.333333333333,117.31120481928939
159462,5315.366666666667,114.83326586047129
159463,5315.4,112.96454037903348
159464,5315.433333333333,112.68602331030097
159465,5315.466666666666,110.2868484386772
159466,5315.5,108.59000680759137
159467,5315.533333333333,106.54983931925457
159468,5315.566666666667,95.06620395990562
159469,5315.6,94.21960116756416
159470,5315.633333333333,94.06382718394461
159471,5315.666666666667,93.97667589809335
159472,5315.7,91.29297260523616
159473,5315.733333333334,90.62010361602148
159474,5315.766666666666,93.58091836070736
159475,5315.8,81.8110752384147
159476,5315.833333333333,85.81835863028277
159477,5315.866666666667,89.51195327091978
159478,5315.9,90.45670792399375
159479,5315.933333333333,114.37047795162384
159480,5315.966666666666,116.09597649106506
159481,5316,116.69077940130431
159482,5316.033333333333,118.58709574801891
159483,5316.066666666667,118.14748402300312
159484,5316.1,118.58471970567604
159485,5316.133333333333,118.77174212344835
159486,5316.166666666667,118.63739142102453
159487,5316.2,127.99894521112206
159488,5316.233333333334,127.61840059864025
159489,5316.266666666666,121.77527028708616
159490,5316.3,123.06821652304195
159491,5316.333333333333,117.5098938813948
159492,5316.366666666667,116.95267169260397
159493,5316.4,113.69670550783533
159494,5316.433333333333,124.54745499405435
159495,5316.466666666666,125.78158396241234
159496,5316.5,113.93137539806459
159497,5316.533333333333,111.34405322102027
159498,5316.566666666667,103.97314253565294
159499,5316.6,89.19724328235023
159500,5316.633333333333,96.66629292584814
159501,5316.666666666667,90.97344259496865
159502,5316.7,91.95400226944362
159503,5316.733333333334,102.76777962353145
159504,5316.766666666666,103.78094734560919
159505,5316.8,97.12860371459696
159506,5316.833333333333,106.75364872984524
159507,5316.866666666667,107.31752504934148
159508,5316.9,100.01322629688681
159509,5316.933333333333,96.01040362982181
159510,5316.966666666666,97.03597440262128
159511,5317,98.02266630539832
159512,5317.033333333333,99.49885156711211
159513,5317.066666666667,91.49067672957214
159514,5317.1,91.95619250695843
159515,5317.133333333333,93.61616666042173
159516,5317.166666666667,95.6251559551105
159517,5317.2,96.88139911233336
159518,5317.233333333334,97.50573079701645
159519,5317.266666666666,94.8148152931505
159520,5317.3,96.57103994588167
159521,5317.333333333333,97.24554580370786
159522,5317.366666666667,126.26871756833016
159523,5317.4,143.02328952574757
159524,5317.433333333333,143.46618043781598
159525,5317.466666666666,143.69436830920804
159526,5317.5,133.31665894144857
159527,5317.533333333333,138.90934531445248
159528,5317.566666666667,140.10544886842905
159529,5317.6,143.579152204126
159530,5317.633333333333,143.34280047069657
159531,5317.666666666667,143.22921991986743
159532,5317.7,143.19825274498913
159533,5317.733333333334,143.05553515138726
159534,5317.766666666666,147.06638662348746
159535,5317.8,137.77694800230105
159536,5317.833333333333,125.46136172248895
159537,5317.866666666667,132.68208211851422
159538,5317.9,126.22668518296683
159539,5317.933333333333,115.48548744036769
159540,5317.966666666666,130.00964264083547
159541,5318,117.76042627145077
159542,5318.033333333333,112.8498495211796
159543,5318.066666666667,112.8000131319037
159544,5318.1,111.22393490425453
159545,5318.133333333333,128.4281873327344
159546,5318.166666666667,128.51481868111028
159547,5318.2,120.36923979204397
159548,5318.233333333334,135.2598440934821
159549,5318.266666666666,136.61074373960193
159550,5318.3,137.4204084053213
159551,5318.333333333333,138.10286897550213
159552,5318.366666666667,134.4395360702611
159553,5318.4,134.5473725168444
159554,5318.433333333333,137.50625128951995
159555,5318.466666666666,137.87648602558602
159556,5318.5,137.76347509930685
159557,5318.533333333333,137.63254113607695
159558,5318.566666666667,137.51115064438423
159559,5318.6,137.36798982529854
159560,5318.633333333333,137.73222691761342
159561,5318.666666666667,136.88560203846774
159562,5318.7,128.40060464257425
159563,5318.733333333334,128.57721828362844
159564,5318.766666666666,128.25683255465677
159565,5318.8,131.3292773562244
159566,5318.833333333333,128.07468633997388
159567,5318.866666666667,130.39064764547064
159568,5318.9,144.35428306792974
159569,5318.933333333333,144.68892118186918
159570,5318.966666666666,151.34295546215537
159571,5319,151.6766172425263
159572,5319.033333333333,150.29194330171086
159573,5319.066666666667,135.85466090725456
159574,5319.1,134.43296773588582
159575,5319.133333333333,145.95462676502146
159576,5319.166666666667,151.822769634438
159577,5319.2,147.45248866693888
159578,5319.233333333334,158.93836067361286
159579,5319.266666666666,153.895456243571
159580,5319.3,153.0085509130551
159581,5319.333333333333,152.68044968585738
159582,5319.366666666667,152.2134508369766
159583,5319.4,143.3599123667237
159584,5319.433333333333,137.39235889818482
159585,5319.466666666666,137.5933868685896
159586,5319.5,151.7886636621215
159587,5319.533333333333,149.83636177567791
159588,5319.566666666667,155.71437533366563
159589,5319.6,152.41228433569844
159590,5319.633333333333,159.60349231965532
159591,5319.666666666667,160.76951366716278
159592,5319.7,153.7834579778905
159593,5319.733333333334,151.24277064826902
159594,5319.766666666666,150.13521341734858
159595,5319.8,156.38877051013864
159596,5319.833333333333,147.6224053589866
159597,5319.866666666667,155.88750870649258
159598,5319.9,156.17912572513447
159599,5319.933333333333,156.58250296237452
159600,5319.966666666666,159.79148814698064
159601,5320,160.0649041458156
159602,5320.033333333333,163.2363301536355
159603,5320.066666666667,155.87301825808595
159604,5320.1,156.0530087003952
159605,5320.133333333333,156.1359911374732
159606,5320.166666666667,156.18735631419753
159607,5320.2,138.3949933696313
159608,5320.233333333334,141.83470379497615
159609,5320.266666666666,134.5837658595748
159610,5320.3,128.5434185852833
159611,5320.333333333333,139.74683870955346
159612,5320.366666666667,148.43962008091046
159613,5320.4,147.60040189250708
159614,5320.433333333333,147.2427399089266
159615,5320.466666666666,149.92689948002348
159616,5320.5,150.89378699210238
159617,5320.533333333333,141.90635149398804
159618,5320.566666666667,153.44494135091776
159619,5320.6,149.30305124585757
159620,5320.633333333333,176.29771638530585
159621,5320.666666666667,-173.13638294614498
159622,5320.7,-167.7807619581655
159623,5320.733333333334,-166.68291852005098
159624,5320.766666666666,-165.7958694800717
159625,5320.8,-164.80472066104554
159626,5320.833333333333,-164.8978769819128
159627,5320.866666666667,-167.73684698896454
159628,5320.9,-169.07535793603728
159629,5320.933333333333,-169.00090561798288
159630,5320.966666666666,-165.28408204083692
159631,5321,-155.0752335234715
159632,5321.033333333333,-156.4822116719558
159633,5321.066666666667,-147.79588154942834
159634,5321.1,-146.36508872876877
159635,5321.133333333333,-147.26311774413617
159636,5321.166666666667,-146.4816006766029
159637,5321.2,-149.01614359351308
159638,5321.233333333334,-148.3310999260718
159639,5321.266666666666,-148.7885475576256
159640,5321.3,-145.16538175146468
159641,5321.333333333333,-151.56003403844952
159642,5321.366666666667,-148.1837982083764
159643,5321.4,-148.79093934914548
159644,5321.433333333333,-144.8430997213789
159645,5321.466666666666,-137.87496206062502
159646,5321.5,-138.26195285305076
159647,5321.533333333333,-143.74545312036588
159648,5321.566666666667,-158.74159253739418
159649,5321.6,-174.8772890684911
159650,5321.633333333333,157.81004482045225
159651,5321.666666666667,-169.72900664844659
159652,5321.7,-169.6237076904326
159653,5321.733333333334,-169.88179392317397
159654,5321.766666666666,-170.46072229907392
159655,5321.8,176.5745827831222
159656,5321.833333333333,171.9849486386748
159657,5321.866666666667,-160.04780094096137
159658,5321.9,-155.49817101089394
159659,5321.933333333333,-159.69269667131485
159660,5321.966666666666,-159.70637957244637
159661,5322,-155.38015349006488
159662,5322.033333333333,-159.81280395741135
159663,5322.066666666667,-173.14460672953942
159664,5322.1,-176.7923935571558
159665,5322.133333333333,-173.70793422260562
159666,5322.166666666667,-173.35365387487462
159667,5322.2,161.0719600054698
159668,5322.233333333334,166.02037419780564
159669,5322.266666666666,166.3569334484899
159670,5322.3,164.0512845079413
159671,5322.333333333333,163.65118169213068
159672,5322.366666666667,159.48283337350128
159673,5322.4,164.0425327748007
159674,5322.433333333333,165.39739600709942
159675,5322.466666666666,166.24713471152975
159676,5322.5,172.27752216527477
159677,5322.533333333333,178.34740389687386
159678,5322.566666666667,178.8753736363213
159679,5322.6,-178.63901969490797
159680,5322.633333333333,-178.51778992359976
159681,5322.666666666667,-178.5212167879213
159682,5322.7,-178.67819357660332
159683,5322.733333333334,-178.39927439359667
159684,5322.766666666666,-178.69742681094422
159685,5322.8,-178.47504735150193
159686,5322.833333333333,-171.3695553344715
159687,5322.866666666667,-171.73322351454914
159688,5322.9,-171.6968883985012
159689,5322.933333333333,-171.17818809280277
159690,5322.966666666666,177.96943806486547
159691,5323,-164.01330802703822
159692,5323.033333333333,-26.44757351321888
159693,5323.066666666667,-26.878843288351938
159694,5323.1,-27.351030524831177
159695,5323.133333333333,-38.48864380348579
159696,5323.166666666667,-42.44819421737475
159697,5323.2,-59.49673471562542
159698,5323.233333333334,-64.32334252909644
159699,5323.266666666666,-66.51297525703752
159700,5323.3,-67.1431890168551
159701,5323.333333333333,-66.18309829419151
159702,5323.366666666667,-80.12227913758939
159703,5323.4,-81.58168005828516
159704,5323.433333333333,-80.35405233692582
159705,5323.466666666666,-77.06050664175636
159706,5323.5,-87.98325554324563
159707,5323.533333333333,-93.37469469831147
159708,5323.566666666667,-92.34431458875882
159709,5323.6,-107.35257086997622
159710,5323.633333333333,-114.72491284989617
159711,5323.666666666667,-129.626247906597
159712,5323.7,-132.98490836676902
159713,5323.733333333334,-129.49810907852415
159714,5323.766666666666,-130.73224313324903
159715,5323.8,-131.4103940155898
159716,5323.833333333333,-131.24840273682534
159717,5323.866666666667,-131.2880800847215
159718,5323.9,-131.55528141449346
159719,5323.933333333333,-131.48053731361532
159720,5323.966666666666,-131.6929230120915
159721,5324,-131.8728211989333
159722,5324.033333333333,-132.07389957951133
159723,5324.066666666667,-132.5801442649914
159724,5324.1,-132.79442194537572
159725,5324.133333333333,-126.54988595156999
159726,5324.166666666667,-126.51846580218421
159727,5324.2,-131.36145624532423
159728,5324.233333333334,-130.39233984065817
159729,5324.266666666666,-149.04447464696287
159730,5324.3,-145.18868288500067
159731,5324.333333333333,176.3235833657096
159732,5324.366666666667,166.3381497604559
159733,5324.4,162.6304800389351
159734,5324.433333333333,164.3434376036135
159735,5324.466666666666,142.6061152842572
159736,5324.5,142.9851525989708
159737,5324.533333333333,141.44188893341703
159738,5324.566666666667,141.10821076696786
159739,5324.6,141.44385836570066
159740,5324.633333333333,141.15881561304178
159741,5324.666666666667,141.2073899474524
159742,5324.7,143.13340541262983
159743,5324.733333333334,140.72454718090142
159744,5324.766666666666,148.43387119060773
159745,5324.8,150.81812984764434
159746,5324.833333333333,173.99259046702244
159747,5324.866666666667,-170.74175534388405
159748,5324.9,175.47331876530384
159749,5324.933333333333,-173.7812068050399
159750,5324.966666666666,-161.24693888894762
159751,5325,-154.25067011800311
159752,5325.033333333333,-141.95759836150376
159753,5325.066666666667,-141.9139978106607
159754,5325.1,-141.9380481938823
159755,5325.133333333333,-143.1665559852006
159756,5325.166666666667,-145.7173565761235
159757,5325.2,-149.2841351491772
159758,5325.233333333334,-153.24383445768677
159759,5325.266666666666,-120.8888310078247
159760,5325.3,-98.68041352899496
159761,5325.333333333333,-98.9228059452928
159762,5325.366666666667,-97.39603359509093
159763,5325.4,-94.3616040449027
159764,5325.433333333333,-93.66280500488395
159765,5325.466666666666,-87.982119017663
159766,5325.5,-90.51801342094811
159767,5325.533333333333,-95.43425785160754
159768,5325.566666666667,-100.04725681875188
159769,5325.6,-101.06442818657689
159770,5325.633333333333,-107.58751287071061
159771,5325.666666666667,-112.03254958410588
159772,5325.7,-109.92634684874463
159773,5325.733333333334,-105.86033189023506
159774,5325.766666666666,-109.74415717850141
159775,5325.8,-107.33324499650624
159776,5325.833333333333,-107.00156493015677
159777,5325.866666666667,-110.84350557247839
159778,5325.9,-111.98328806242628
159779,5325.933333333333,-115.77422515674338
159780,5325.966666666666,-116.02102520894744
159781,5326,-108.47722970477102
159782,5326.033333333333,-108.82770748606204
159783,5326.066666666667,-109.84511296458788
159784,5326.1,-101.20838250148059
159785,5326.133333333333,-99.65115228796415
159786,5326.166666666667,-99.52699938971334
159787,5326.2,-102.69551460669773
159788,5326.233333333334,-99.8277390768214
159789,5326.266666666666,-104.40517946743499
159790,5326.3,-102.9086695494793
159791,5326.333333333333,-97.44117312344606
159792,5326.366666666667,-101.42406503406906
159793,5326.4,-102.10247849309914
159794,5326.433333333333,-101.69431903910046
159795,5326.466666666666,-102.24566249576407
159796,5326.5,-99.67499076848823
159797,5326.533333333333,-99.67709629930289
159798,5326.566666666667,-102.8840440090469
159799,5326.6,-109.10764510811066
159800,5326.633333333333,-104.38849083969343
159801,5326.666666666667,-104.3978904529089
159802,5326.7,-105.31936605247706
159803,5326.733333333334,-105.89308356700032
159804,5326.766666666666,-108.19619791782097
159805,5326.8,-102.19265285319179
159806,5326.833333333333,-105.59580780686257
159807,5326.866666666667,-108.08469991244851
159808,5326.9,-110.30637390656517
159809,5326.933333333333,-122.1139455225195
159810,5326.966666666666,-116.20016166932747
159811,5327,-117.82151665290597
159812,5327.033333333333,-117.16927712991003
159813,5327.066666666667,-116.10764063704251
159814,5327.1,-114.67867528596432
159815,5327.133333333333,-105.61981658658874
159816,5327.166666666667,-109.26341946031474
159817,5327.2,-116.22111288525485
159818,5327.233333333334,-110.36697744770728
159819,5327.266666666666,-108.45963004755791
159820,5327.3,-113.30062544446065
159821,5327.333333333333,-116.1406830257459
159822,5327.366666666667,-123.14327493382349
159823,5327.4,-123.21006833696028
159824,5327.433333333333,-121.59326214517432
159825,5327.466666666666,-121.4758826745189
159826,5327.5,-126.6186732233342
159827,5327.533333333333,-130.48642600687185
159828,5327.566666666667,-122.20979680821587
159829,5327.6,-115.36371911124482
159830,5327.633333333333,-119.17153779572917
159831,5327.666666666667,-118.9612075992202
159832,5327.7,-119.16997407505188
159833,5327.733333333334,-101.5230571849132
159834,5327.766666666666,-98.06719837554982
159835,5327.8,-102.41442623738953
159836,5327.833333333333,-102.57490210595012
159837,5327.866666666667,-103.07806822546188
159838,5327.9,-101.80589852240263
159839,5327.933333333333,-108.89821492649604
159840,5327.966666666666,-113.00323922400287
159841,5328,-116.89717732107644
159842,5328.033333333333,-122.76938547857407
159843,5328.066666666667,-126.59615582038106
159844,5328.1,-130.6084965245009
159845,5328.133333333333,-114.41614558892273
159846,5328.166666666667,-110.45854359442211
159847,5328.2,-120.66879849770474
159848,5328.233333333334,-123.17445070177594
159849,5328.266666666666,-124.45333237947884
159850,5328.3,-119.78291129090944
159851,5328.333333333333,-120.16183244994217
159852,5328.366666666667,-130.27226155706515
159853,5328.4,-134.72160037500925
159854,5328.433333333333,-134.36090473706824
159855,5328.466666666666,-132.02285921413574
159856,5328.5,-128.33621274527073
159857,5328.533333333333,-129.26552945298516
159858,5328.566666666667,-129.78062724817855
159859,5328.6,-129.3444851824696
159860,5328.633333333333,-112.51329808509577
159861,5328.666666666667,-112.53895310582205
159862,5328.7,-120.38677447542717
159863,5328.733333333334,-116.74141456112628
159864,5328.766666666666,-117.26680363744558
159865,5328.8,-117.55875922729219
159866,5328.833333333333,-129.31728782175358
159867,5328.866666666667,-130.18911069842574
159868,5328.9,-131.89176195973766
159869,5328.933333333333,-138.57841813603625
159870,5328.966666666666,-137.97397570395788
159871,5329,-136.7720990698361
159872,5329.033333333333,-135.95069421981157
159873,5329.066666666667,-148.9176417202207
159874,5329.1,-146.395617054353
159875,5329.133333333333,-146.8837975709569
159876,5329.166666666667,-155.89765940021354
159877,5329.2,-174.5232361737202
159878,5329.233333333334,-166.09452403857864
159879,5329.266666666666,-165.6082954752151
159880,5329.3,-169.624199383764
159881,5329.333333333333,-169.39908844998254
159882,5329.366666666667,-167.05733690169183
159883,5329.4,-177.94037416029838
159884,5329.433333333333,-179.64615939357782
159885,5329.466666666666,177.23452845935364
159886,5329.5,171.38317141736948
159887,5329.533333333333,168.67450864554718
159888,5329.566666666667,167.73571054526352
159889,5329.6,169.4559052096895
159890,5329.633333333333,168.50482561611608
159891,5329.666666666667,171.64658348123214
159892,5329.7,170.79070701851128
159893,5329.733333333334,171.0404646210492
159894,5329.766666666666,170.12911112736666
159895,5329.8,172.90068959246008
159896,5329.833333333333,169.65795969271392
159897,5329.866666666667,173.0566272428037
159898,5329.9,172.50710974555273
159899,5329.933333333333,172.98168028883444
159900,5329.966666666666,169.58274255685143
159901,5330,171.9571863927592
159902,5330.033333333333,169.50145415328885
159903,5330.066666666667,171.31502274382672
159904,5330.1,173.39135690262776
159905,5330.133333333333,174.44754755257523
159906,5330.166666666667,173.27676140972167
159907,5330.2,173.36494301504408
159908,5330.233333333334,173.71247759407044
159909,5330.266666666666,173.693688608292
159910,5330.3,174.00916475576108
159911,5330.333333333333,173.53944914861756
159912,5330.366666666667,173.17374766163937
159913,5330.4,175.80343425842096
159914,5330.433333333333,174.8835024430771
159915,5330.466666666666,174.4328582634328
159916,5330.5,173.92300692473603
159917,5330.533333333333,173.70834464530088
159918,5330.566666666667,175.6494412354055
159919,5330.6,174.4093380902208
159920,5330.633333333333,173.15631866154325
159921,5330.666666666667,174.34024598601786
159922,5330.7,173.87841321098264
159923,5330.733333333334,170.97359018736856
159924,5330.766666666666,172.04114279266904
159925,5330.8,170.03341280789357
159926,5330.833333333333,172.24698543355518
159927,5330.866666666667,172.4502797351873
159928,5330.9,172.2714541130777
159929,5330.933333333333,176.92579244773418
159930,5330.966666666666,174.47303479082046
159931,5331,169.35305928433232
159932,5331.033333333333,169.086759741841
159933,5331.066666666667,171.13476115338855
159934,5331.1,175.71321438379408
159935,5331.133333333333,174.43223346667637
159936,5331.166666666667,170.49248800157707
159937,5331.2,174.40766527584594
159938,5331.233333333334,173.58558356425505
159939,5331.266666666666,173.60930945942695
159940,5331.3,173.67996978083016
159941,5331.333333333333,171.1482854160005
159942,5331.366666666667,165.04149640351733
159943,5331.4,165.43121033339636
159944,5331.433333333333,166.12928050984388
159945,5331.466666666666,165.85843987859434
159946,5331.5,166.46129464234824
159947,5331.533333333333,166.41280328271372
159948,5331.566666666667,167.8246605209871
159949,5331.6,166.64893482801236
159950,5331.633333333333,166.30831976931472
159951,5331.666666666667,166.16285593467072
159952,5331.7,166.54601545683815
159953,5331.733333333334,165.51434237618366
159954,5331.766666666666,165.5223389502306
159955,5331.8,163.55886042772482
159956,5331.833333333333,158.88201987599786
159957,5331.866666666667,157.28889617052343
159958,5331.9,154.1884996735584
159959,5331.933333333333,160.16738261927307
159960,5331.966666666666,158.39451970797128
159961,5332,165.0658742403596
159962,5332.033333333333,166.71985628884758
159963,5332.066666666667,174.3896547083841
159964,5332.1,173.33441099167757
159965,5332.133333333333,168.97579701010596
159966,5332.166666666667,177.2023506103682
159967,5332.2,177.36708696313167
159968,5332.233333333334,172.36315158332926
159969,5332.266666666666,169.29267655652293
159970,5332.3,-178.85737228346386
159971,5332.333333333333,175.55666360116538
159972,5332.366666666667,172.75180004942445
159973,5332.4,177.40974705756642
159974,5332.433333333333,173.3448830216974
159975,5332.466666666666,174.47019602186614
159976,5332.5,174.4888896696902
159977,5332.533333333333,173.75662067253015
159978,5332.566666666667,173.68766284246493
159979,5332.6,173.75588219253075
159980,5332.633333333333,173.3468965333564
159981,5332.666666666667,174.36838441108682
159982,5332.7,177.61782578803613
159983,5332.733333333334,172.85111082887724
159984,5332.766666666666,172.2276542466431
159985,5332.8,176.484535126205
159986,5332.833333333333,172.935804854401
159987,5332.866666666667,168.22229096675073
159988,5332.9,172.75141988159055
159989,5332.933333333333,175.33379050229868
159990,5332.966666666666,173.6631547139549
159991,5333,172.2521062812428
159992,5333.033333333333,170.60178487567327
159993,5333.066666666667,170.8910301425211
159994,5333.1,168.45127597102766
159995,5333.133333333333,169.57793495313783
159996,5333.166666666667,167.12867520057628
159997,5333.2,168.26774324479544
159998,5333.233333333334,168.63123740173035
159999,5333.266666666666,167.89558636771858
160000,5333.3,166.77630023650863
160001,5333.333333333333,163.78572433731563
160002,5333.366666666667,164.7564619161137
160003,5333.4,166.56691622599246
160004,5333.433333333333,166.38460861399167
160005,5333.466666666666,168.61942790079772
160006,5333.5,166.26921002499145
160007,5333.533333333333,169.85589542249855
160008,5333.566666666667,170.317141801637
160009,5333.6,168.79535274739476
160010,5333.633333333333,166.88533177795446
160011,5333.666666666667,167.19390419384555
160012,5333.7,168.6407879885327
160013,5333.733333333334,168.38698821933372
160014,5333.766666666666,168.22958303334573
160015,5333.8,169.76307485096808
160016,5333.833333333333,169.0524849841836
160017,5333.866666666667,165.6248319662161
160018,5333.9,164.7822935800351
160019,5333.933333333333,161.8133960053034
160020,5333.966666666666,163.24445636404238
160021,5334,166.82871190815217
160022,5334.033333333333,168.15722030667334
160023,5334.066666666667,167.70555430712184
160024,5334.1,164.74427255899923
160025,5334.133333333333,164.46039407284167
160026,5334.166666666667,169.73978303346408
160027,5334.2,177.70448351000158
160028,5334.233333333334,177.64183366392263
160029,5334.266666666666,177.54183480139852
160030,5334.3,176.73759590363574
160031,5334.333333333333,179.50948030655096
160032,5334.366666666667,171.21842685160487
160033,5334.4,167.21677093522973
160034,5334.433333333333,162.94175467294747
160035,5334.466666666666,159.89985519896965
160036,5334.5,159.74939748976462
160037,5334.533333333333,161.53467647620337
160038,5334.566666666667,160.24162795445255
160039,5334.6,157.71481953567115
160040,5334.633333333333,157.86446094785046
160041,5334.666666666667,157.4758452456004
160042,5334.7,157.3685957622584
160043,5334.733333333334,159.48337500430296
160044,5334.766666666666,159.54425907811566
160045,5334.8,159.4439173727612
160046,5334.833333333333,159.91374148433937
160047,5334.866666666667,160.01411238480702
160048,5334.9,160.11783544390346
160049,5334.933333333333,160.54054989783887
160050,5334.966666666666,161.80295210278607
160051,5335,162.48865854775653
160052,5335.033333333333,163.23490238745373
160053,5335.066666666667,165.0813331656564
160054,5335.1,164.5767817480397
160055,5335.133333333333,164.86097058708611
160056,5335.166666666667,164.7308956642995
160057,5335.2,163.66760921947292
160058,5335.233333333334,163.72453100348594
160059,5335.266666666666,163.68869211795007
160060,5335.3,163.55383073441965
160061,5335.333333333333,164.04573681426058
160062,5335.366666666667,162.9534510064863
160063,5335.4,167.0074647460669
160064,5335.433333333333,168.56890025365885
160065,5335.466666666666,168.17148315404015
160066,5335.5,167.07054676304665
160067,5335.533333333333,166.77947810644704
160068,5335.566666666667,165.09667376457335
160069,5335.6,-179.10946710123648
160070,5335.633333333333,-163.9310368766779
160071,5335.666666666667,-163.8792950501637
160072,5335.7,-158.28853411564967
160073,5335.733333333334,-160.88669836167685
160074,5335.766666666666,-163.17474221173856
160075,5335.8,-163.0929913290475
160076,5335.833333333333,-163.52279605236558
160077,5335.866666666667,-162.86697925670958
160078,5335.9,-157.305215388479
160079,5335.933333333333,-167.33436180094165
160080,5335.966666666666,167.2115642555363
160081,5336,165.86894647245418
160082,5336.033333333333,165.76072843255957
160083,5336.066666666667,163.89478570835118
160084,5336.1,162.7703621508885
160085,5336.133333333333,164.90167117351942
160086,5336.166666666667,163.25614201837473
160087,5336.2,165.18895992564546
160088,5336.233333333334,164.80519019609622
160089,5336.266666666666,163.07164455187157
160090,5336.3,163.59198502344364
160091,5336.333333333333,162.1819038036886
160092,5336.366666666667,165.06652851089768
160093,5336.4,165.02857825870652
160094,5336.433333333333,166.5803489263935
160095,5336.466666666666,165.43894197298718
160096,5336.5,164.98136471377262
160097,5336.533333333333,166.42516192015407
160098,5336.566666666667,166.33419254517463
160099,5336.6,164.16342493421317
160100,5336.633333333333,166.705954508411
160101,5336.666666666667,166.81247125162875
160102,5336.7,166.67353955961565
160103,5336.733333333334,169.969112563646
160104,5336.766666666666,170.23763187171215
160105,5336.8,170.20589150423393
160106,5336.833333333333,170.25692592739915
160107,5336.866666666667,170.2699053653607
160108,5336.9,171.01922530825954
160109,5336.933333333333,170.64821425338155
160110,5336.966666666666,169.66130346623876
160111,5337,170.57194684086892
160112,5337.033333333333,171.30190829372725
160113,5337.066666666667,170.81317418779582
160114,5337.1,169.29986914021828
160115,5337.133333333333,170.52487947503226
160116,5337.166666666667,169.06591606773551
160117,5337.2,168.3582182154186
160118,5337.233333333334,169.36805627137372
160119,5337.266666666666,176.2249091492942
160120,5337.3,-176.92077760615226
160121,5337.333333333333,-179.661883898213
160122,5337.366666666667,-179.9161709006795
160123,5337.4,176.52326848965075
160124,5337.433333333333,176.3940677117946
160125,5337.466666666666,176.4576267004318
160126,5337.5,177.33189751817375
160127,5337.533333333333,176.76252837521415
